"bas" "moyen" "haut"
0.12 0.15 0.73
0.14 0.44 0.42
0.06 0.21 0.73
0.05 0.26 0.69
0.37 0.54 0.09
0.08 0.25 0.67
0.3 0.58 0.12
0.26 0.37 0.37
0.11 0.2 0.69
0.07 0.11 0.82
0.01 0.19 0.8
0.21 0.64 0.15
0.25 0.69 0.06
0.01 0.18 0.81
0 0.12 0.88
0.61 0.38 0.01
0.15 0.79 0.06
0.01 0.59 0.4
0 0.42 0.58
0.03 0.34 0.63
0 0.04 0.96
0.27 0.72 0.01
0.36 0.61 0.03
